10 8 8 8
60 46 45 44
110 79 78 67
160 109 108 84
210 146 147 109
260 225 222 161
310 282 276 205
360 315 308 231
410 377 370 266
460 439 427 293
510 504 490 329
560 556 539 365
610 595 575 393
660 666 642 427
710 733 703 454
760 793 762 488
810 851 815 517
860 923 883 559
910 992 953 588
960 1056 1014 620
1010 1107 1065 650
1060 1181 1132 684
1110 1237 1185 713
1160 1309 1254 738
1210 1362 1304 763
1260 1437 1376 788
1310 1506 1446 816
1360 1566 1506 842
1410 1616 1556 875
1460 1672 1610 896
1510 1738 1677 927
1560 1791 1728 956
1610 1848 1783 991
1660 1926 1859 1020
1710 1986 1916 1052
1760 2057 1984 1082
1810 2127 2052 1122
1860 2203 2124 1158
1910 2276 2193 1193
1960 2332 2248 1225
2010 2405 2317 1258
2060 2452 2365 1279
2110 2527 2436 1306
2160 2590 2497 1336
2210 2660 2562 1367
2260 2726 2627 1398
2310 2799 2695 1426
2360 2864 2758 1452
2410 2918 2812 1487
2460 3006 2900 1514
2510 3096 2989 1553
2560 3183 3071 1580
2610 3262 3150 1618
2660 3335 3221 1652
2710 3404 3289 1680
2760 3492 3374 1713
2810 3559 3443 1753
2860 3636 3519 1787
2910 3711 3588 1816
2960 3787 3662 1847
3010 3861 3730 1868
3060 3927 3795 1895
3110 4002 3869 1937
3160 4072 3937 1961
3210 4171 4033 1996
3260 4244 4106 2017
3310 4324 4187 2055
3360 4415 4270 2095
3410 4488 4339 2121
3460 4585 4426 2160
3510 4671 4507 2201
3560 4750 4583 2233
3610 4825 4661 2258
3660 4908 4739 2280
3710 4994 4820 2316
3760 5070 4895 2350
3810 5169 4992 2382
3860 5246 5062 2408
3910 5321 5138 2438
3960 5378 5184 2463
4010 5436 5243 2485
4060 5492 5296 2504
4110 5585 5387 2529
4160 5662 5465 2557
4210 5757 5550 2594
4260 5852 5639 2626
4310 5927 5715 2659
4360 5999 5785 2686
4410 6068 5853 2712
4460 6163 5944 2737
4510 6244 6019 2766
4560 6298 6073 2795
4610 6369 6146 2823
4660 6445 6219 2859
4710 6522 6295 2890
4760 6580 6357 2922
4810 6655 6432 2962
4860 6763 6537 2999
4910 6848 6615 3023
4960 6941 6703 3059
5010 7017 6778 3084
5060 7093 6853 3118
5110 7172 6927 3144
5160 7251 7005 3174
5210 7327 7080 3208
5260 7391 7146 3241
5310 7457 7212 3273
5360 7537 7288 3306
5410 7622 7366 3324
5460 7693 7436 3349
5510 7780 7523 3377
5560 7860 7603 3414
5610 7934 7675 3439
5660 8021 7762 3471
5710 8088 7829 3501
5760 8165 7905 3528
5810 8245 7982 3560
5860 8344 8084 3599
5910 8422 8163 3627
5960 8499 8237 3654
6010 8580 8316 3689
6060 8663 8400 3722
6110 8744 8478 3758
6160 8809 8541 3782
6210 8897 8626 3816
6260 8963 8691 3840
6310 9052 8775 3868
6360 9136 8853 3898
6410 9212 8926 3930
6460 9285 8999 3954
6510 9351 9061 3973
6560 9440 9146 4009
6610 9525 9230 4040
6660 9625 9321 4072
6710 9711 9402 4103
6760 9799 9489 4125
6810 9875 9566 4154
6860 9958 9645 4184
6910 10034 9720 4208
6960 10108 9792 4245
7010 10192 9873 4278
7060 10289 9967 4314
7110 10380 10054 4338
7160 10465 10140 4378
7210 10546 10222 4416
7260 10614 10287 4450
7310 10719 10392 4483
7360 10815 10487 4512
7410 10900 10571 4552
7460 10977 10646 4583
7510 11076 10741 4612
7560 11139 10801 4638
7610 11231 10892 4671
7660 11306 10972 4699
7710 11380 11043 4724
7760 11467 11129 4754
7810 11543 11201 4783
7860 11643 11292 4818
7910 11729 11379 4844
7960 11806 11454 4879
8010 11883 11531 4903
8060 11956 11604 4938
8110 12035 11678 4965
8160 12136 11780 4997
8210 12231 11863 5031
8260 12310 11939 5055
8310 12384 12012 5086
8360 12470 12102 5125
8410 12538 12170 5147
8460 12620 12253 5175
8510 12706 12337 5207
8560 12774 12407 5235
8610 12858 12489 5271
8660 12944 12572 5301
8710 13037 12658 5330
8760 13107 12725 5352
8810 13189 12802 5383
8860 13283 12886 5426
8910 13358 12961 5447
8960 13447 13044 5476
9010 13544 13138 5502
9060 13627 13215 5531
9110 13734 13314 5564
9160 13804 13381 5590
9210 13885 13462 5632
9260 13962 13536 5657
9310 14071 13641 5690
9360 14173 13740 5716
9410 14242 13808 5749
9460 14308 13873 5772
9510 14381 13939 5800
9560 14465 14022 5834
9610 14561 14111 5867
9660 14642 14191 5900
9710 14735 14277 5932
9760 14819 14357 5965
9810 14915 14452 6005
9860 14995 14529 6037
9910 15081 14613 6074
9960 15167 14695 6111
10010 15279 14800 6137
